done 양방향
done 롱만
IS 기대값>0: 17/216 · OOS 전반·후반 둘 다 >0: 20/216 · IS·OOS 셋 다 >0: 10/216

후보 (IS 로만 선정):
    side    D   tp   sl  IS_n  IS_win  IS_ev  OOS1_n  OOS1_ev  OOS2_n  OOS2_ev    nb
209   롱만  2.0  4.0  6.0   289   0.626  0.323      47    1.204      27    1.329  True
203   롱만  2.0  3.0  6.0   307   0.691  0.229      49    1.099      27    0.769  True
208   롱만  2.0  4.0  4.0   336   0.542  0.219      51    0.675      29    0.982  True
197   롱만  2.0  2.0  6.0   336   0.777  0.171      50    0.601      28    0.146  True
207   롱만  2.0  4.0  3.0   368   0.467  0.138      55    0.234      31    0.135  True

후보 검증:
  side    D   tp   sl  OOS_ev  OOS_win  OOS_n  random_ev  y2026_ev  y2026_n     채택
0   롱만  2.0  4.0  6.0   1.250    0.716     74     -0.234     0.605        4   True
1   롱만  2.0  3.0  6.0   0.981    0.776     76     -0.282     0.656        5   True
2   롱만  2.0  4.0  4.0   0.786    0.625     80     -0.220    -1.544        5  False
3   롱만  2.0  2.0  6.0   0.438    0.808     78     -0.262     0.260        5   True
4   롱만  2.0  4.0  3.0   0.199    0.488     86     -0.198    -0.944        5  False

참고 — 216개 전체:
    side    D   tp   sl   IS_n  IS_win  IS_ev  OOS1_n  OOS1_ev  OOS2_n  OOS2_ev     nb
0    양방향  0.5  0.5  0.5  17238   0.483 -0.157    5106   -0.156    4179   -0.151  False
1    양방향  0.5  0.5  1.0  13558   0.646 -0.171    4022   -0.143    3181   -0.168  False
2    양방향  0.5  0.5  2.0   9976   0.792 -0.159    2957   -0.157    2252   -0.183  False
3    양방향  0.5  0.5  3.0   8202   0.854 -0.150    2401   -0.147    1792   -0.243  False
4    양방향  0.5  0.5  4.0   6732   0.876 -0.192    2073   -0.127    1516   -0.221  False
5    양방향  0.5  0.5  6.0   5387   0.916 -0.158    1627   -0.118    1163   -0.228  False
6    양방향  0.5  1.0  0.5  14812   0.325 -0.152    4458   -0.159    3678   -0.157  False
7    양방향  0.5  1.0  1.0  10686   0.487 -0.166    3199   -0.161    2554   -0.165  False
8    양방향  0.5  1.0  2.0   6984   0.654 -0.175    2099   -0.176    1598   -0.189  False
9    양방향  0.5  1.0  3.0   5296   0.738 -0.180    1584   -0.161    1233   -0.184  False
10   양방향  0.5  1.0  4.0   4262   0.791 -0.161    1353   -0.106    1007   -0.196  False
11   양방향  0.5  1.0  6.0   3171   0.837 -0.198     977   -0.085     801   -0.207  False
12   양방향  0.5  2.0  0.5  11419   0.201 -0.137    3477   -0.166    2870   -0.166  False
13   양방향  0.5  2.0  1.0   7496   0.330 -0.153    2228   -0.197    1799   -0.186  False
14   양방향  0.5  2.0  2.0   4483   0.495 -0.158    1298   -0.209    1035   -0.162  False
15   양방향  0.5  2.0  3.0   3206   0.595 -0.149     945   -0.229     772   -0.300  False
16   양방향  0.5  2.0  4.0   2555   0.662 -0.114     750   -0.225     620   -0.182  False
17   양방향  0.5  2.0  6.0   1869   0.735 -0.050     573   -0.160     478   -0.256  False
18   양방향  0.5  3.0  0.5   9088   0.147 -0.127    2796   -0.159    2272   -0.160  False
19   양방향  0.5  3.0  1.0   5631   0.250 -0.149    1709   -0.175    1339   -0.122  False
20   양방향  0.5  3.0  2.0   3231   0.403 -0.142     963   -0.156     780   -0.184  False
21   양방향  0.5  3.0  3.0   2265   0.491 -0.183     698   -0.149     582   -0.134  False
22   양방향  0.5  3.0  4.0   1835   0.558 -0.164     541   -0.173     473   -0.116  False
23   양방향  0.5  3.0  6.0   1351   0.637 -0.096     429    0.040     379   -0.314  False
24   양방향  0.5  4.0  0.5   7565   0.115 -0.129    2331   -0.152    1890   -0.170  False
25   양방향  0.5  4.0  1.0   4533   0.203 -0.146    1341   -0.106    1094   -0.163  False
26   양방향  0.5  4.0  2.0   2607   0.339 -0.159     763   -0.053     617   -0.130  False
27   양방향  0.5  4.0  3.0   1849   0.433 -0.132     560   -0.190     481   -0.151  False
28   양방향  0.5  4.0  4.0   1462   0.490 -0.166     452   -0.029     387   -0.017  False
29   양방향  0.5  4.0  6.0   1093   0.555 -0.188     365   -0.049     329    0.042  False
30   양방향  0.5  6.0  0.5   5725   0.084 -0.129    1793   -0.143    1497   -0.150  False
31   양방향  0.5  6.0  1.0   3364   0.152 -0.168    1013   -0.118     851   -0.162  False
32   양방향  0.5  6.0  2.0   1896   0.267 -0.202     579    0.051     492   -0.063  False
33   양방향  0.5  6.0  3.0   1354   0.357 -0.144     437   -0.053     382   -0.189  False
34   양방향  0.5  6.0  4.0   1091   0.421 -0.090     369   -0.202     331   -0.257  False
35   양방향  0.5  6.0  6.0    833   0.471 -0.226     298   -0.281     274   -0.021  False
36   양방향  1.0  0.5  0.5   5629   0.452 -0.188    1425   -0.154     879   -0.171  False
37   양방향  1.0  0.5  1.0   4944   0.634 -0.189    1240   -0.152     759   -0.178  False
38   양방향  1.0  0.5  2.0   4157   0.787 -0.172    1045   -0.149     642   -0.220  False
39   양방향  1.0  0.5  3.0   3714   0.848 -0.169     922   -0.164     574   -0.213  False
40   양방향  1.0  0.5  4.0   3388   0.882 -0.165     845   -0.149     542   -0.223  False
41   양방향  1.0  0.5  6.0   2947   0.914 -0.168     750   -0.118     475   -0.223  False
42   양방향  1.0  1.0  0.5   5221   0.310 -0.175    1326   -0.128     826   -0.175  False
43   양방향  1.0  1.0  1.0   4346   0.471 -0.198    1100   -0.138     704   -0.177  False
44   양방향  1.0  1.0  2.0   3449   0.649 -0.192     876   -0.177     572   -0.260  False
45   양방향  1.0  1.0  3.0   2950   0.735 -0.196     752   -0.199     491   -0.211  False
46   양방향  1.0  1.0  4.0   2545   0.786 -0.195     650   -0.163     452   -0.136  False
47   양방향  1.0  1.0  6.0   2069   0.835 -0.222     533   -0.201     386   -0.112  False
48   양방향  1.0  2.0  0.5   4881   0.197 -0.147    1225   -0.109     786   -0.208  False
49   양방향  1.0  2.0  1.0   3877   0.334 -0.139     975   -0.162     636   -0.174  False
50   양방향  1.0  2.0  2.0   2818   0.494 -0.164     716   -0.174     479   -0.266  False
51   양방향  1.0  2.0  3.0   2247   0.600 -0.128     582   -0.145     392   -0.254  False
52   양방향  1.0  2.0  4.0   1867   0.665 -0.108     497   -0.051     343   -0.118  False
53   양방향  1.0  2.0  6.0   1452   0.741 -0.051     390   -0.045     288   -0.076  False
54   양방향  1.0  3.0  0.5   4533   0.143 -0.140    1146   -0.139     731   -0.182  False
55   양방향  1.0  3.0  1.0   3448   0.251 -0.140     875   -0.207     570   -0.085  False
56   양방향  1.0  3.0  2.0   2370   0.401 -0.138     613   -0.101     414   -0.324  False
57   양방향  1.0  3.0  3.0   1806   0.506 -0.101     478   -0.200     340   -0.058  False
58   양방향  1.0  3.0  4.0   1500   0.575 -0.065     396   -0.143     288   -0.007  False
59   양방향  1.0  3.0  6.0   1120   0.635 -0.142     315    0.100     240    0.061  False
60   양방향  1.0  4.0  0.5   4181   0.115 -0.129    1070   -0.164     686   -0.226  False
61   양방향  1.0  4.0  1.0   3061   0.206 -0.125     774   -0.191     505   -0.127  False
62   양방향  1.0  4.0  2.0   2058   0.339 -0.128     523   -0.073     362   -0.160  False
63   양방향  1.0  4.0  3.0   1547   0.451 -0.012     413   -0.077     287   -0.047  False
64   양방향  1.0  4.0  4.0   1250   0.522  0.072     353    0.139     249   -0.037  False
65   양방향  1.0  4.0  6.0    955   0.578 -0.051     278    0.393     206   -0.180  False
66   양방향  1.0  6.0  0.5   3571   0.083 -0.126     940   -0.175     623   -0.152  False
67   양방향  1.0  6.0  1.0   2456   0.157 -0.108     648   -0.227     436   -0.004  False
68   양방향  1.0  6.0  2.0   1578   0.262 -0.184     421   -0.075     312   -0.123  False
69   양방향  1.0  6.0  3.0   1166   0.352 -0.156     332   -0.205     245   -0.019  False
70   양방향  1.0  6.0  4.0    933   0.404 -0.244     282   -0.116     215   -0.172  False
71   양방향  1.0  6.0  6.0    719   0.485 -0.224     226    0.479     175    0.124  False
72   양방향  2.0  0.5  0.5   1064   0.398 -0.242     180   -0.151      70   -0.169  False
73   양방향  2.0  0.5  1.0   1030   0.604 -0.234     176   -0.092      68   -0.169  False
74   양방향  2.0  0.5  2.0    970   0.770 -0.215     162   -0.149      67   -0.125  False
75   양방향  2.0  0.5  3.0    923   0.829 -0.239     154   -0.117      63   -0.140  False
76   양방향  2.0  0.5  4.0    892   0.872 -0.215     147   -0.038      62   -0.075  False
77   양방향  2.0  0.5  6.0    827   0.909 -0.215     142   -0.052      59    0.029  False
78   양방향  2.0  1.0  0.5   1026   0.302 -0.187     177   -0.081      69   -0.097  False
79   양방향  2.0  1.0  1.0    964   0.481 -0.177     167    0.046      65   -0.125  False
80   양방향  2.0  1.0  2.0    871   0.653 -0.178     150   -0.080      62   -0.059  False
81   양방향  2.0  1.0  3.0    805   0.730 -0.215     136   -0.140      58   -0.037  False
82   양방향  2.0  1.0  4.0    760   0.787 -0.198     124   -0.027      54    0.027  False
83   양방향  2.0  1.0  6.0    684   0.838 -0.239     117    0.142      48   -0.161  False
84   양방향  2.0  2.0  0.5    986   0.189 -0.168     169   -0.167      65   -0.102  False
85   양방향  2.0  2.0  1.0    905   0.330 -0.149     152   -0.015      60   -0.290  False
86   양방향  2.0  2.0  2.0    778   0.491 -0.176     137   -0.096      53   -0.404  False
87   양방향  2.0  2.0  3.0    704   0.587 -0.197     123    0.009      49   -0.570  False
88   양방향  2.0  2.0  4.0    652   0.673 -0.079     113   -0.053      47   -0.142  False
89   양방향  2.0  2.0  6.0    575   0.751 -0.021     101    0.338      43   -0.053  False
90   양방향  2.0  3.0  0.5    969   0.144 -0.135     168   -0.119      63   -0.140  False
91   양방향  2.0  3.0  1.0    879   0.265 -0.081     148    0.049      56   -0.283  False
92   양방향  2.0  3.0  2.0    732   0.407 -0.106     132   -0.132      52   -0.217  False
93   양방향  2.0  3.0  3.0    655   0.507 -0.083     117   -0.096      48   -0.422  False
94   양방향  2.0  3.0  4.0    587   0.586 -0.008     105   -0.139      45    0.048  False
95   양방향  2.0  3.0  6.0    517   0.671  0.071      93    0.609      41    0.118  False
96   양방향  2.0  4.0  0.5    957   0.118 -0.114     167   -0.182      63   -0.140  False
97   양방향  2.0  4.0  1.0    852   0.212 -0.092     146   -0.055      55   -0.231  False
98   양방향  2.0  4.0  2.0    701   0.334 -0.152     128   -0.230      51    0.035  False
99   양방향  2.0  4.0  3.0    617   0.438 -0.079     113    0.020      48   -0.049  False
100  양방향  2.0  4.0  4.0    546   0.524  0.069     100    0.052      45    0.557  False
101  양방향  2.0  4.0  6.0    471   0.594  0.016      88    0.901      40    0.500   True
102  양방향  2.0  6.0  0.5    930   0.088 -0.084     164   -0.114      62   -0.116  False
103  양방향  2.0  6.0  1.0    814   0.165 -0.045     138   -0.059      55    0.005  False
104  양방향  2.0  6.0  2.0    655   0.231 -0.375     118   -0.358      49    0.275  False
105  양방향  2.0  6.0  3.0    548   0.347 -0.167     103    0.068      47    0.359  False
106  양방향  2.0  6.0  4.0    483   0.418 -0.133      89    0.289      42    0.491  False
107  양방향  2.0  6.0  6.0    395   0.486 -0.265      76    0.567      38    0.170  False
108   롱만  0.5  0.5  0.5   9048   0.478 -0.162    2653   -0.159    2244   -0.148  False
109   롱만  0.5  0.5  1.0   7257   0.642 -0.177    2110   -0.142    1745   -0.168  False
110   롱만  0.5  0.5  2.0   5588   0.794 -0.155    1622   -0.137    1312   -0.149  False
111   롱만  0.5  0.5  3.0   4718   0.855 -0.146    1377   -0.130    1075   -0.174  False
112   롱만  0.5  0.5  4.0   4137   0.883 -0.162    1236   -0.094     960   -0.164  False
113   롱만  0.5  0.5  6.0   3378   0.921 -0.130    1034   -0.074     786   -0.148  False
114   롱만  0.5  1.0  0.5   8008   0.322 -0.157    2391   -0.159    2027   -0.146  False
115   롱만  0.5  1.0  1.0   5987   0.482 -0.176    1781   -0.138    1457   -0.168  False
116   롱만  0.5  1.0  2.0   4182   0.659 -0.161    1246   -0.138    1015   -0.142  False
117   롱만  0.5  1.0  3.0   3355   0.750 -0.132     991   -0.137     792   -0.150  False
118   롱만  0.5  1.0  4.0   2870   0.794 -0.147     845   -0.074     658   -0.186  False
119   롱만  0.5  1.0  6.0   2218   0.850 -0.109     684   -0.047     550   -0.095  False
120   롱만  0.5  2.0  0.5   7049   0.201 -0.138    2134   -0.172    1798   -0.143  False
121   롱만  0.5  2.0  1.0   4890   0.329 -0.154    1459   -0.127    1203   -0.147  False
122   롱만  0.5  2.0  2.0   3120   0.509 -0.104     908   -0.114     764   -0.100  False
123   롱만  0.5  2.0  3.0   2352   0.607 -0.087     700   -0.102     566   -0.067  False
124   롱만  0.5  2.0  4.0   1939   0.667 -0.087     560   -0.076     471   -0.135  False
125   롱만  0.5  2.0  6.0   1476   0.732 -0.056     457   -0.082     385   -0.065  False
126   롱만  0.5  3.0  0.5   6265   0.144 -0.137    1929   -0.166    1599   -0.133  False
127   롱만  0.5  3.0  1.0   4117   0.247 -0.157    1256   -0.141    1006   -0.117  False
128   롱만  0.5  3.0  2.0   2472   0.409 -0.110     741   -0.134     616   -0.067  False
129   롱만  0.5  3.0  3.0   1815   0.505 -0.110     547   -0.142     451   -0.014  False
130   롱만  0.5  3.0  4.0   1472   0.568 -0.098     440   -0.173     382   -0.065  False
131   롱만  0.5  3.0  6.0   1088   0.636 -0.103     359   -0.080     307    0.027  False
132   롱만  0.5  4.0  0.5   5585   0.114 -0.134    1755   -0.180    1436   -0.122  False
133   롱만  0.5  4.0  1.0   3580   0.204 -0.137    1095   -0.159     876   -0.100  False
134   롱만  0.5  4.0  2.0   2088   0.350 -0.089     629   -0.165     519   -0.046  False
135   롱만  0.5  4.0  3.0   1510   0.440 -0.085     469   -0.131     398    0.009  False
136   롱만  0.5  4.0  4.0   1224   0.505 -0.061     378   -0.183     322   -0.074  False
137   롱만  0.5  4.0  6.0    922   0.575 -0.073     301   -0.251     257   -0.042  False
138   롱만  0.5  6.0  0.5   4646   0.082 -0.136    1467   -0.199    1224   -0.117  False
139   롱만  0.5  6.0  1.0   2821   0.156 -0.142     906   -0.191     744   -0.126  False
140   롱만  0.5  6.0  2.0   1603   0.283 -0.062     515   -0.179     436   -0.040  False
141   롱만  0.5  6.0  3.0   1178   0.374 -0.019     396   -0.123     330    0.005  False
142   롱만  0.5  6.0  4.0    933   0.435 -0.026     316   -0.217     286    0.010  False
143   롱만  0.5  6.0  6.0    744   0.507  0.036     263   -0.280     237    0.100  False
144   롱만  1.0  0.5  0.5   3043   0.449 -0.191     746   -0.171     490   -0.156  False
145   롱만  1.0  0.5  1.0   2722   0.631 -0.193     650   -0.164     431   -0.148  False
146   롱만  1.0  0.5  2.0   2295   0.790 -0.166     545   -0.175     365   -0.133  False
147   롱만  1.0  0.5  3.0   2067   0.851 -0.160     488   -0.192     335   -0.152  False
148   롱만  1.0  0.5  4.0   1897   0.886 -0.150     455   -0.131     321   -0.159  False
149   롱만  1.0  0.5  6.0   1707   0.922 -0.119     410   -0.102     286   -0.181  False
150   롱만  1.0  1.0  0.5   2827   0.312 -0.173     701   -0.156     461   -0.162  False
151   롱만  1.0  1.0  1.0   2394   0.469 -0.203     583   -0.121     398   -0.125  False
152   롱만  1.0  1.0  2.0   1898   0.648 -0.194     466   -0.130     321   -0.174  False
153   롱만  1.0  1.0  3.0   1641   0.739 -0.179     406   -0.146     287   -0.247  False
154   롱만  1.0  1.0  4.0   1450   0.793 -0.163     358   -0.106     266   -0.149  False
155   롱만  1.0  1.0  6.0   1250   0.846 -0.155     311   -0.067     231   -0.130  False
156   롱만  1.0  2.0  0.5   2683   0.197 -0.148     667   -0.141     439   -0.168  False
157   롱만  1.0  2.0  1.0   2201   0.326 -0.164     537   -0.136     366   -0.100  False
158   롱만  1.0  2.0  2.0   1632   0.502 -0.133     403   -0.079     285   -0.147  False
159   롱만  1.0  2.0  3.0   1363   0.605 -0.102     336   -0.152     250   -0.118  False
160   롱만  1.0  2.0  4.0   1175   0.683 -0.014     292   -0.129     224   -0.050  False
161   롱만  1.0  2.0  6.0    961   0.734 -0.107     241    0.137     183   -0.070  False
162   롱만  1.0  3.0  0.5   2586   0.145 -0.136     653   -0.158     421   -0.161  False
163   롱만  1.0  3.0  1.0   2077   0.250 -0.145     506   -0.147     346    0.001  False
164   롱만  1.0  3.0  2.0   1484   0.404 -0.126     372   -0.065     259   -0.084  False
165   롱만  1.0  3.0  3.0   1185   0.496 -0.160     300   -0.119     228    0.079  False
166   롱만  1.0  3.0  4.0   1000   0.587 -0.006     252   -0.163     200    0.037  False
167   롱만  1.0  3.0  6.0    767   0.622 -0.251     204    0.043     169    0.212  False
168   롱만  1.0  4.0  0.5   2510   0.116 -0.126     640   -0.175     412   -0.158  False
169   롱만  1.0  4.0  1.0   1977   0.210 -0.108     486   -0.167     323    0.009  False
170   롱만  1.0  4.0  2.0   1385   0.344 -0.098     345   -0.113     243   -0.011  False
171   롱만  1.0  4.0  3.0   1094   0.444 -0.050     274   -0.180     211    0.161  False
172   롱만  1.0  4.0  4.0    906   0.528  0.094     231   -0.175     187    0.181  False
173   롱만  1.0  4.0  6.0    691   0.569 -0.172     188    0.098     152    0.281  False
174   롱만  1.0  6.0  0.5   2341   0.087 -0.105     610   -0.221     400   -0.075  False
175   롱만  1.0  6.0  1.0   1766   0.162 -0.071     451   -0.170     309    0.132  False
176   롱만  1.0  6.0  2.0   1187   0.275 -0.074     312   -0.100     226    0.167  False
177   롱만  1.0  6.0  3.0    901   0.360 -0.087     255   -0.091     188    0.254  False
178   롱만  1.0  6.0  4.0    733   0.438  0.025     212   -0.127     168    0.297  False
179   롱만  1.0  6.0  6.0    573   0.489 -0.163     168    0.030     133    0.513  False
180   롱만  2.0  0.5  0.5    605   0.407 -0.233      87   -0.169      42   -0.235  False
181   롱만  2.0  0.5  1.0    592   0.598 -0.243      84   -0.104      41   -0.225  False
182   롱만  2.0  0.5  2.0    560   0.766 -0.225      77   -0.127      41   -0.189  False
183   롱만  2.0  0.5  3.0    536   0.838 -0.208      71   -0.034      38   -0.285  False
184   롱만  2.0  0.5  4.0    516   0.878 -0.189      69    0.034      38   -0.351  False
185   롱만  2.0  0.5  6.0    477   0.920 -0.142      66    0.065      35   -0.197  False
186   롱만  2.0  1.0  0.5    583   0.324 -0.154      85   -0.111      41   -0.128  False
187   롱만  2.0  1.0  1.0    555   0.479 -0.181      80    0.010      39   -0.114  False
188   롱만  2.0  1.0  2.0    503   0.662 -0.154      70   -0.126      38   -0.008  False
189   롱만  2.0  1.0  3.0    466   0.755 -0.119      63   -0.156      35   -0.054  False
190   롱만  2.0  1.0  4.0    441   0.803 -0.120      58   -0.002      35   -0.140  False
191   롱만  2.0  1.0  6.0    398   0.849 -0.154      54    0.212      31   -0.269  False
192   롱만  2.0  2.0  0.5    562   0.208 -0.120      80   -0.202      39   -0.127  False
193   롱만  2.0  2.0  1.0    525   0.333 -0.140      72   -0.015      36   -0.390  False
194   롱만  2.0  2.0  2.0    448   0.504 -0.126      66    0.042      33   -0.443  False
195   롱만  2.0  2.0  3.0    409   0.628  0.006      58    0.090      31   -0.559  False
196   롱만  2.0  2.0  4.0    381   0.698  0.054      54    0.255      30   -0.140   True
197   롱만  2.0  2.0  6.0    336   0.777  0.171      50    0.601      28    0.146   True
198   롱만  2.0  3.0  0.5    553   0.159 -0.083      80   -0.071      38   -0.087  False
199   롱만  2.0  3.0  1.0    513   0.271 -0.056      71    0.156      34   -0.316  False
200   롱만  2.0  3.0  2.0    427   0.426 -0.015      64   -0.031      32   -0.109  False
201   롱만  2.0  3.0  3.0    384   0.534  0.069      57    0.252      31   -0.316   True
202   롱만  2.0  3.0  4.0    352   0.602  0.093      53    0.659      29    0.361   True
203   롱만  2.0  3.0  6.0    307   0.691  0.229      49    1.099      27    0.769   True
204   롱만  2.0  4.0  0.5    552   0.130 -0.056      80   -0.190      38   -0.048  False
205   롱만  2.0  4.0  1.0    504   0.214 -0.080      71   -0.105      34   -0.258  False
206   롱만  2.0  4.0  2.0    415   0.349 -0.067      62   -0.133      32    0.297  False
207   롱만  2.0  4.0  3.0    368   0.467  0.138      55    0.234      31    0.135   True
208   롱만  2.0  4.0  4.0    336   0.542  0.219      51    0.675      29    0.982   True
209   롱만  2.0  4.0  6.0    289   0.626  0.323      47    1.204      27    1.329   True
210   롱만  2.0  6.0  0.5    545   0.090 -0.066      80   -0.212      38    0.044  False
211   롱만  2.0  6.0  1.0    492   0.161 -0.058      71   -0.173      34   -0.111  False
212   롱만  2.0  6.0  2.0    394   0.249 -0.241      61   -0.047      32    0.394  False
213   롱만  2.0  6.0  3.0    341   0.364  0.010      54    0.634      31    0.394  False
214   롱만  2.0  6.0  4.0    305   0.423 -0.083      49    1.127      28    0.421   True
215   롱만  2.0  6.0  6.0    253   0.502 -0.076      43    1.105      26    0.701  False
